wedge 0
Patch 
Superpoint 
1 0.005080 5 7.757515
1 0.005309 5 9.339576
1 0.041649 5 10.324949
1 0.029238 5 10.657878
1 0.019157 5 12.057373
1 0.031807 5 12.687870
1 0.028420 5 13.004242
1 0.024534 5 13.461313
1 0.006245 5 13.811515
1 0.002491 5 13.879898
1 0.024362 5 13.999898
1 0.024643 5 15.213130
1 0.023545 5 16.015150
1 0.036993 5 16.873331
1 0.020135 5 21.282425
1 0.002998 5 22.000099
Superpoint 
2 0.018703 10 -2.091878
2 0.003666 10 -1.801757
2 0.009150 10 1.087737
2 0.039172 10 2.285222
2 0.030489 10 3.427262
2 0.005832 10 7.535959
2 0.010607 10 8.492920
2 0.019170 10 8.820151
2 0.001694 10 8.990010
2 0.023275 10 9.529474
2 0.005927 10 13.002828
2 0.034310 10 16.420809
2 0.006412 10 20.863630
2 0.038908 10 22.865555
2 0.044412 10 27.967777
2 0.000430 10 29.000099
Superpoint 
3 0.039412 15 5.547777
3 0.037999 15 8.085414
3 0.036641 15 12.494444
3 0.017484 15 17.938787
3 0.009035 15 21.280909
3 0.006022 15 23.464142
3 0.030802 15 24.318888
3 0.005553 15 24.897676
3 0.008853 15 28.084646
3 0.048021 15 29.870201
3 0.045616 15 31.608990
3 0.048527 15 31.651716
3 0.046700 15 34.281818
3 0.022163 15 34.817371
3 0.039112 15 35.786968
3 0.021355 15 36.000099
Superpoint 
4 0.025869 20 18.361818
4 0.017027 20 20.496960
4 0.035998 20 22.747677
4 0.005148 20 25.260405
4 0.025778 20 28.986868
4 0.028224 20 30.276363
4 0.004974 20 31.335554
4 0.020488 20 31.986860
4 0.024297 20 33.797272
4 0.023709 20 37.368889
4 0.020708 20 39.034546
4 0.029061 20 39.096664
4 0.007558 20 40.241310
4 0.043640 20 42.141212
4 0.011649 20 42.432827
4 0.028185 20 43.000099
Superpoint 
5 0.017330 25 -20.822828
5 0.003504 25 -19.229292
5 0.044525 25 -18.184242
5 0.003780 25 -17.029898
5 0.027527 25 -12.563535
5 0.027055 25 -4.529777
5 0.033361 25 -2.076414
5 0.042701 25 4.852677
5 0.010692 25 8.956273
5 0.002658 25 16.759695
5 0.016916 25 21.013535
5 0.044376 25 35.264950
5 0.025068 25 40.405151
5 0.019015 25 45.283131
5 0.044520 25 45.929192
5 0.037671 25 50.000099
Patch 
Superpoint 
1 0.005080 5 7.757515
1 0.005309 5 9.339576
1 0.041649 5 10.324949
1 0.029238 5 10.657878
1 0.019157 5 12.057373
1 0.031807 5 12.687870
1 0.028420 5 13.004242
1 0.024534 5 13.461313
1 0.006245 5 13.811515
1 0.002491 5 13.879898
1 0.024362 5 13.999898
1 0.024643 5 15.213130
1 0.023545 5 16.015150
1 0.036993 5 16.873331
1 0.020135 5 21.282425
1 0.002998 5 22.000099
Superpoint 
2 0.018703 10 -2.091878
2 0.003666 10 -1.801757
2 0.009150 10 1.087737
2 0.039172 10 2.285222
2 0.030489 10 3.427262
2 0.005832 10 7.535959
2 0.010607 10 8.492920
2 0.019170 10 8.820151
2 0.001694 10 8.990010
2 0.023275 10 9.529474
2 0.005927 10 13.002828
2 0.034310 10 16.420809
2 0.006412 10 20.863630
2 0.038908 10 22.865555
2 0.044412 10 27.967777
2 0.000430 10 29.000099
Superpoint 
3 0.034685 15 1.314616
3 0.010383 15 3.765757
3 0.039412 15 5.547777
3 0.037999 15 8.085414
3 0.036641 15 12.494444
3 0.017484 15 17.938787
3 0.009035 15 21.280909
3 0.006022 15 23.464142
3 0.030802 15 24.318888
3 0.005553 15 24.897676
3 0.008853 15 28.084646
3 0.048021 15 29.870201
3 0.045616 15 31.608990
3 0.048527 15 31.651716
3 0.046700 15 34.281818
3 0.022163 15 34.817371
Superpoint 
4 0.037723 20 -0.603195
4 0.044155 20 -0.558342
4 0.021027 20 0.645253
4 0.020266 20 1.171767
4 0.025849 20 1.455111
4 0.043340 20 1.945131
4 0.021868 20 4.222121
4 0.016455 20 4.879273
4 0.030750 20 5.436727
4 0.041886 20 7.569151
4 0.017130 20 9.225960
4 0.040556 20 9.888222
4 0.012431 20 12.969595
4 0.010878 20 16.195959
4 0.018910 20 17.353737
4 0.025869 20 18.361818
Superpoint 
5 0.017330 25 -20.822828
5 0.003504 25 -19.229292
5 0.044525 25 -18.184242
5 0.003780 25 -17.029898
5 0.027527 25 -12.563535
5 0.027055 25 -4.529777
5 0.033361 25 -2.076414
5 0.042701 25 4.852677
5 0.010692 25 8.956273
5 0.002658 25 16.759695
5 0.016916 25 21.013535
5 0.044376 25 35.264950
5 0.025068 25 40.405151
5 0.019015 25 45.283131
5 0.044520 25 45.929192
5 0.037671 25 50.000099
Patch 
Superpoint 
1 0.005080 5 7.757515
1 0.005309 5 9.339576
1 0.041649 5 10.324949
1 0.029238 5 10.657878
1 0.019157 5 12.057373
1 0.031807 5 12.687870
1 0.028420 5 13.004242
1 0.024534 5 13.461313
1 0.006245 5 13.811515
1 0.002491 5 13.879898
1 0.024362 5 13.999898
1 0.024643 5 15.213130
1 0.023545 5 16.015150
1 0.036993 5 16.873331
1 0.020135 5 21.282425
1 0.002998 5 22.000099
Superpoint 
2 0.022793 10 -6.320050
2 0.000644 10 -4.529292
2 0.008989 10 -2.988545
2 0.005281 10 -2.267293
2 0.018703 10 -2.091878
2 0.003666 10 -1.801757
2 0.009150 10 1.087737
2 0.039172 10 2.285222
2 0.030489 10 3.427262
2 0.005832 10 7.535959
2 0.010607 10 8.492920
2 0.019170 10 8.820151
2 0.001694 10 8.990010
2 0.023275 10 9.529474
2 0.005927 10 13.002828
2 0.034310 10 16.420809
Superpoint 
3 0.022570 15 -23.951315
3 0.027178 15 -19.828484
3 0.023387 15 -18.880606
3 0.017862 15 -15.087373
3 0.008855 15 -12.129696
3 0.034756 15 -10.466767
3 0.038612 15 -4.565363
3 0.002756 15 -2.538494
3 0.033862 15 -1.380575
3 0.020308 15 -0.393909
3 0.037276 15 0.161288
3 0.034685 15 1.314616
3 0.010383 15 3.765757
3 0.039412 15 5.547777
3 0.037999 15 8.085414
3 0.036641 15 12.494444
Superpoint 
4 0.040655 20 -19.166868
4 0.009339 20 -18.957676
4 0.010508 20 -18.506060
4 0.011785 20 -13.799595
4 0.014578 20 -7.884192
4 0.004753 20 -7.361899
4 0.014958 20 -7.334868
4 0.045647 20 -3.312444
4 0.039435 20 -2.068464
4 0.037723 20 -0.603195
4 0.044155 20 -0.558342
4 0.021027 20 0.645253
4 0.020266 20 1.171767
4 0.025849 20 1.455111
4 0.043340 20 1.945131
4 0.021868 20 4.222121
Superpoint 
5 0.044329 25 -38.222729
5 0.014433 25 -37.274742
5 0.040817 25 -35.452518
5 0.020798 25 -33.216160
5 0.038112 25 -30.524240
5 0.012815 25 -29.007071
5 0.028071 25 -28.559696
5 0.034416 25 -25.987869
5 0.041809 25 -21.779190
5 0.017330 25 -20.822828
5 0.003504 25 -19.229292
5 0.044525 25 -18.184242
5 0.003780 25 -17.029898
5 0.027527 25 -12.563535
5 0.027055 25 -4.529777
5 0.033361 25 -2.076414
Patch 
Superpoint 
1 0.041113 5 -2.688182
1 0.006394 5 -0.886969
1 0.002239 5 0.043533
1 0.018532 5 0.207336
1 0.029745 5 1.342969
1 0.018364 5 1.389890
1 0.047105 5 2.203323
1 0.016208 5 2.397010
1 0.041628 5 4.884840
1 0.048226 5 5.797131
1 0.015570 5 6.086767
1 0.045865 5 6.267484
1 0.004953 5 7.111100
1 0.003181 5 7.446990
1 0.005399 5 7.620798
1 0.005080 5 7.757515
Superpoint 
2 0.000644 10 -4.529292
2 0.008989 10 -2.988545
2 0.005281 10 -2.267293
2 0.018703 10 -2.091878
2 0.003666 10 -1.801757
2 0.009150 10 1.087737
2 0.039172 10 2.285222
2 0.030489 10 3.427262
2 0.005832 10 7.535959
2 0.010607 10 8.492920
2 0.019170 10 8.820151
2 0.001694 10 8.990010
2 0.023275 10 9.529474
2 0.005927 10 13.002828
2 0.034310 10 16.420809
2 0.006412 10 20.863630
Superpoint 
3 0.002756 15 -2.538494
3 0.033862 15 -1.380575
3 0.020308 15 -0.393909
3 0.037276 15 0.161288
3 0.034685 15 1.314616
3 0.010383 15 3.765757
3 0.039412 15 5.547777
3 0.037999 15 8.085414
3 0.036641 15 12.494444
3 0.017484 15 17.938787
3 0.009035 15 21.280909
3 0.006022 15 23.464142
3 0.030802 15 24.318888
3 0.005553 15 24.897676
3 0.008853 15 28.084646
3 0.048021 15 29.870201
Superpoint 
4 0.012431 20 12.969595
4 0.010878 20 16.195959
4 0.018910 20 17.353737
4 0.025869 20 18.361818
4 0.017027 20 20.496960
4 0.035998 20 22.747677
4 0.005148 20 25.260405
4 0.025778 20 28.986868
4 0.028224 20 30.276363
4 0.004974 20 31.335554
4 0.020488 20 31.986860
4 0.024297 20 33.797272
4 0.023709 20 37.368889
4 0.020708 20 39.034546
4 0.029061 20 39.096664
4 0.007558 20 40.241310
Superpoint 
5 0.017330 25 -20.822828
5 0.003504 25 -19.229292
5 0.044525 25 -18.184242
5 0.003780 25 -17.029898
5 0.027527 25 -12.563535
5 0.027055 25 -4.529777
5 0.033361 25 -2.076414
5 0.042701 25 4.852677
5 0.010692 25 8.956273
5 0.002658 25 16.759695
5 0.016916 25 21.013535
5 0.044376 25 35.264950
5 0.025068 25 40.405151
5 0.019015 25 45.283131
5 0.044520 25 45.929192
5 0.037671 25 50.000099
Patch 
Superpoint 
1 0.041113 5 -2.688182
1 0.006394 5 -0.886969
1 0.002239 5 0.043533
1 0.018532 5 0.207336
1 0.029745 5 1.342969
1 0.018364 5 1.389890
1 0.047105 5 2.203323
1 0.016208 5 2.397010
1 0.041628 5 4.884840
1 0.048226 5 5.797131
1 0.015570 5 6.086767
1 0.045865 5 6.267484
1 0.004953 5 7.111100
1 0.003181 5 7.446990
1 0.005399 5 7.620798
1 0.005080 5 7.757515
Superpoint 
2 0.000644 10 -4.529292
2 0.008989 10 -2.988545
2 0.005281 10 -2.267293
2 0.018703 10 -2.091878
2 0.003666 10 -1.801757
2 0.009150 10 1.087737
2 0.039172 10 2.285222
2 0.030489 10 3.427262
2 0.005832 10 7.535959
2 0.010607 10 8.492920
2 0.019170 10 8.820151
2 0.001694 10 8.990010
2 0.023275 10 9.529474
2 0.005927 10 13.002828
2 0.034310 10 16.420809
2 0.006412 10 20.863630
Superpoint 
3 0.034756 15 -10.466767
3 0.038612 15 -4.565363
3 0.002756 15 -2.538494
3 0.033862 15 -1.380575
3 0.020308 15 -0.393909
3 0.037276 15 0.161288
3 0.034685 15 1.314616
3 0.010383 15 3.765757
3 0.039412 15 5.547777
3 0.037999 15 8.085414
3 0.036641 15 12.494444
3 0.017484 15 17.938787
3 0.009035 15 21.280909
3 0.006022 15 23.464142
3 0.030802 15 24.318888
3 0.005553 15 24.897676
Superpoint 
4 0.014958 20 -7.334868
4 0.045647 20 -3.312444
4 0.039435 20 -2.068464
4 0.037723 20 -0.603195
4 0.044155 20 -0.558342
4 0.021027 20 0.645253
4 0.020266 20 1.171767
4 0.025849 20 1.455111
4 0.043340 20 1.945131
4 0.021868 20 4.222121
4 0.016455 20 4.879273
4 0.030750 20 5.436727
4 0.041886 20 7.569151
4 0.017130 20 9.225960
4 0.040556 20 9.888222
4 0.012431 20 12.969595
Superpoint 
5 0.017330 25 -20.822828
5 0.003504 25 -19.229292
5 0.044525 25 -18.184242
5 0.003780 25 -17.029898
5 0.027527 25 -12.563535
5 0.027055 25 -4.529777
5 0.033361 25 -2.076414
5 0.042701 25 4.852677
5 0.010692 25 8.956273
5 0.002658 25 16.759695
5 0.016916 25 21.013535
5 0.044376 25 35.264950
5 0.025068 25 40.405151
5 0.019015 25 45.283131
5 0.044520 25 45.929192
5 0.037671 25 50.000099
Patch 
Superpoint 
1 0.041113 5 -2.688182
1 0.006394 5 -0.886969
1 0.002239 5 0.043533
1 0.018532 5 0.207336
1 0.029745 5 1.342969
1 0.018364 5 1.389890
1 0.047105 5 2.203323
1 0.016208 5 2.397010
1 0.041628 5 4.884840
1 0.048226 5 5.797131
1 0.015570 5 6.086767
1 0.045865 5 6.267484
1 0.004953 5 7.111100
1 0.003181 5 7.446990
1 0.005399 5 7.620798
1 0.005080 5 7.757515
Superpoint 
2 0.019528 10 -16.542423
2 0.006458 10 -15.985353
2 0.028858 10 -15.161818
2 0.027343 10 -14.615353
2 0.002270 10 -12.235656
2 0.044144 10 -8.026838
2 0.022793 10 -6.320050
2 0.000644 10 -4.529292
2 0.008989 10 -2.988545
2 0.005281 10 -2.267293
2 0.018703 10 -2.091878
2 0.003666 10 -1.801757
2 0.009150 10 1.087737
2 0.039172 10 2.285222
2 0.030489 10 3.427262
2 0.005832 10 7.535959
Superpoint 
3 0.021355 15 -36.000099
3 0.041308 15 -31.157576
3 0.018460 15 -30.551111
3 0.002723 15 -26.894241
3 0.029893 15 -24.848282
3 0.022570 15 -23.951315
3 0.027178 15 -19.828484
3 0.023387 15 -18.880606
3 0.017862 15 -15.087373
3 0.008855 15 -12.129696
3 0.034756 15 -10.466767
3 0.038612 15 -4.565363
3 0.002756 15 -2.538494
3 0.033862 15 -1.380575
3 0.020308 15 -0.393909
3 0.037276 15 0.161288
Superpoint 
4 0.042606 20 -37.314342
4 0.042260 20 -36.933231
4 0.030090 20 -34.588486
4 0.003340 20 -34.179394
4 0.008168 20 -30.396261
4 0.027608 20 -28.937271
4 0.023346 20 -22.317879
4 0.004823 20 -20.757978
4 0.040655 20 -19.166868
4 0.009339 20 -18.957676
4 0.010508 20 -18.506060
4 0.011785 20 -13.799595
4 0.014578 20 -7.884192
4 0.004753 20 -7.361899
4 0.014958 20 -7.334868
4 0.045647 20 -3.312444
Superpoint 
5 0.025526 25 -39.836666
5 0.044329 25 -38.222729
5 0.014433 25 -37.274742
5 0.040817 25 -35.452518
5 0.020798 25 -33.216160
5 0.038112 25 -30.524240
5 0.012815 25 -29.007071
5 0.028071 25 -28.559696
5 0.034416 25 -25.987869
5 0.041809 25 -21.779190
5 0.017330 25 -20.822828
5 0.003504 25 -19.229292
5 0.044525 25 -18.184242
5 0.003780 25 -17.029898
5 0.027527 25 -12.563535
5 0.027055 25 -4.529777
Patch 
Superpoint 
1 0.041113 5 -2.688182
1 0.006394 5 -0.886969
1 0.002239 5 0.043533
1 0.018532 5 0.207336
1 0.029745 5 1.342969
1 0.018364 5 1.389890
1 0.047105 5 2.203323
1 0.016208 5 2.397010
1 0.041628 5 4.884840
1 0.048226 5 5.797131
1 0.015570 5 6.086767
1 0.045865 5 6.267484
1 0.004953 5 7.111100
1 0.003181 5 7.446990
1 0.005399 5 7.620798
1 0.005080 5 7.757515
Superpoint 
2 0.018821 10 -28.364445
2 0.035910 10 -26.794746
2 0.027581 10 -26.399494
2 0.026241 10 -26.095352
2 0.038594 10 -23.949190
2 0.034973 10 -23.267979
2 0.016819 10 -18.775251
2 0.019528 10 -16.542423
2 0.006458 10 -15.985353
2 0.028858 10 -15.161818
2 0.027343 10 -14.615353
2 0.002270 10 -12.235656
2 0.044144 10 -8.026838
2 0.022793 10 -6.320050
2 0.000644 10 -4.529292
2 0.008989 10 -2.988545
Superpoint 
3 0.021355 15 -36.000099
3 0.041308 15 -31.157576
3 0.018460 15 -30.551111
3 0.002723 15 -26.894241
3 0.029893 15 -24.848282
3 0.022570 15 -23.951315
3 0.027178 15 -19.828484
3 0.023387 15 -18.880606
3 0.017862 15 -15.087373
3 0.008855 15 -12.129696
3 0.034756 15 -10.466767
3 0.038612 15 -4.565363
3 0.002756 15 -2.538494
3 0.033862 15 -1.380575
3 0.020308 15 -0.393909
3 0.037276 15 0.161288
Superpoint 
4 0.028185 20 -43.000099
4 0.013907 20 -39.646362
4 0.042606 20 -37.314342
4 0.042260 20 -36.933231
4 0.030090 20 -34.588486
4 0.003340 20 -34.179394
4 0.008168 20 -30.396261
4 0.027608 20 -28.937271
4 0.023346 20 -22.317879
4 0.004823 20 -20.757978
4 0.040655 20 -19.166868
4 0.009339 20 -18.957676
4 0.010508 20 -18.506060
4 0.011785 20 -13.799595
4 0.014578 20 -7.884192
4 0.004753 20 -7.361899
Superpoint 
5 0.037671 25 -50.000099
5 0.025526 25 -39.836666
5 0.044329 25 -38.222729
5 0.014433 25 -37.274742
5 0.040817 25 -35.452518
5 0.020798 25 -33.216160
5 0.038112 25 -30.524240
5 0.012815 25 -29.007071
5 0.028071 25 -28.559696
5 0.034416 25 -25.987869
5 0.041809 25 -21.779190
5 0.017330 25 -20.822828
5 0.003504 25 -19.229292
5 0.044525 25 -18.184242
5 0.003780 25 -17.029898
5 0.027527 25 -12.563535
Patch 
Superpoint 
1 0.029031 5 -8.516464
1 0.039853 5 -7.457091
1 0.020373 5 -7.435161
1 0.027145 5 -6.658585
1 0.024617 5 -6.477555
1 0.035735 5 -6.433353
1 0.000802 5 -6.333222
1 0.018617 5 -6.006091
1 0.026440 5 -5.467374
1 0.022160 5 -4.595626
1 0.033244 5 -4.265848
1 0.021277 5 -3.999818
1 0.017361 5 -3.574222
1 0.033182 5 -3.536262
1 0.011014 5 -2.747878
1 0.041113 5 -2.688182
Superpoint 
2 0.044144 10 -8.026838
2 0.022793 10 -6.320050
2 0.000644 10 -4.529292
2 0.008989 10 -2.988545
2 0.005281 10 -2.267293
2 0.018703 10 -2.091878
2 0.003666 10 -1.801757
2 0.009150 10 1.087737
2 0.039172 10 2.285222
2 0.030489 10 3.427262
2 0.005832 10 7.535959
2 0.010607 10 8.492920
2 0.019170 10 8.820151
2 0.001694 10 8.990010
2 0.023275 10 9.529474
2 0.005927 10 13.002828
Superpoint 
3 0.017862 15 -15.087373
3 0.008855 15 -12.129696
3 0.034756 15 -10.466767
3 0.038612 15 -4.565363
3 0.002756 15 -2.538494
3 0.033862 15 -1.380575
3 0.020308 15 -0.393909
3 0.037276 15 0.161288
3 0.034685 15 1.314616
3 0.010383 15 3.765757
3 0.039412 15 5.547777
3 0.037999 15 8.085414
3 0.036641 15 12.494444
3 0.017484 15 17.938787
3 0.009035 15 21.280909
3 0.006022 15 23.464142
Superpoint 
4 0.041886 20 7.569151
4 0.017130 20 9.225960
4 0.040556 20 9.888222
4 0.012431 20 12.969595
4 0.010878 20 16.195959
4 0.018910 20 17.353737
4 0.025869 20 18.361818
4 0.017027 20 20.496960
4 0.035998 20 22.747677
4 0.005148 20 25.260405
4 0.025778 20 28.986868
4 0.028224 20 30.276363
4 0.004974 20 31.335554
4 0.020488 20 31.986860
4 0.024297 20 33.797272
4 0.023709 20 37.368889
Superpoint 
5 0.017330 25 -20.822828
5 0.003504 25 -19.229292
5 0.044525 25 -18.184242
5 0.003780 25 -17.029898
5 0.027527 25 -12.563535
5 0.027055 25 -4.529777
5 0.033361 25 -2.076414
5 0.042701 25 4.852677
5 0.010692 25 8.956273
5 0.002658 25 16.759695
5 0.016916 25 21.013535
5 0.044376 25 35.264950
5 0.025068 25 40.405151
5 0.019015 25 45.283131
5 0.044520 25 45.929192
5 0.037671 25 50.000099
Patch 
Superpoint 
1 0.029031 5 -8.516464
1 0.039853 5 -7.457091
1 0.020373 5 -7.435161
1 0.027145 5 -6.658585
1 0.024617 5 -6.477555
1 0.035735 5 -6.433353
1 0.000802 5 -6.333222
1 0.018617 5 -6.006091
1 0.026440 5 -5.467374
1 0.022160 5 -4.595626
1 0.033244 5 -4.265848
1 0.021277 5 -3.999818
1 0.017361 5 -3.574222
1 0.033182 5 -3.536262
1 0.011014 5 -2.747878
1 0.041113 5 -2.688182
Superpoint 
2 0.002270 10 -12.235656
2 0.044144 10 -8.026838
2 0.022793 10 -6.320050
2 0.000644 10 -4.529292
2 0.008989 10 -2.988545
2 0.005281 10 -2.267293
2 0.018703 10 -2.091878
2 0.003666 10 -1.801757
2 0.009150 10 1.087737
2 0.039172 10 2.285222
2 0.030489 10 3.427262
2 0.005832 10 7.535959
2 0.010607 10 8.492920
2 0.019170 10 8.820151
2 0.001694 10 8.990010
2 0.023275 10 9.529474
Superpoint 
3 0.008855 15 -12.129696
3 0.034756 15 -10.466767
3 0.038612 15 -4.565363
3 0.002756 15 -2.538494
3 0.033862 15 -1.380575
3 0.020308 15 -0.393909
3 0.037276 15 0.161288
3 0.034685 15 1.314616
3 0.010383 15 3.765757
3 0.039412 15 5.547777
3 0.037999 15 8.085414
3 0.036641 15 12.494444
3 0.017484 15 17.938787
3 0.009035 15 21.280909
3 0.006022 15 23.464142
3 0.030802 15 24.318888
Superpoint 
4 0.011785 20 -13.799595
4 0.014578 20 -7.884192
4 0.004753 20 -7.361899
4 0.014958 20 -7.334868
4 0.045647 20 -3.312444
4 0.039435 20 -2.068464
4 0.037723 20 -0.603195
4 0.044155 20 -0.558342
4 0.021027 20 0.645253
4 0.020266 20 1.171767
4 0.025849 20 1.455111
4 0.043340 20 1.945131
4 0.021868 20 4.222121
4 0.016455 20 4.879273
4 0.030750 20 5.436727
4 0.041886 20 7.569151
Superpoint 
5 0.017330 25 -20.822828
5 0.003504 25 -19.229292
5 0.044525 25 -18.184242
5 0.003780 25 -17.029898
5 0.027527 25 -12.563535
5 0.027055 25 -4.529777
5 0.033361 25 -2.076414
5 0.042701 25 4.852677
5 0.010692 25 8.956273
5 0.002658 25 16.759695
5 0.016916 25 21.013535
5 0.044376 25 35.264950
5 0.025068 25 40.405151
5 0.019015 25 45.283131
5 0.044520 25 45.929192
5 0.037671 25 50.000099
Patch 
Superpoint 
1 0.029031 5 -8.516464
1 0.039853 5 -7.457091
1 0.020373 5 -7.435161
1 0.027145 5 -6.658585
1 0.024617 5 -6.477555
1 0.035735 5 -6.433353
1 0.000802 5 -6.333222
1 0.018617 5 -6.006091
1 0.026440 5 -5.467374
1 0.022160 5 -4.595626
1 0.033244 5 -4.265848
1 0.021277 5 -3.999818
1 0.017361 5 -3.574222
1 0.033182 5 -3.536262
1 0.011014 5 -2.747878
1 0.041113 5 -2.688182
Superpoint 
2 0.000430 10 -29.000099
2 0.018821 10 -28.364445
2 0.035910 10 -26.794746
2 0.027581 10 -26.399494
2 0.026241 10 -26.095352
2 0.038594 10 -23.949190
2 0.034973 10 -23.267979
2 0.016819 10 -18.775251
2 0.019528 10 -16.542423
2 0.006458 10 -15.985353
2 0.028858 10 -15.161818
2 0.027343 10 -14.615353
2 0.002270 10 -12.235656
2 0.044144 10 -8.026838
2 0.022793 10 -6.320050
2 0.000644 10 -4.529292
Superpoint 
3 0.021355 15 -36.000099
3 0.041308 15 -31.157576
3 0.018460 15 -30.551111
3 0.002723 15 -26.894241
3 0.029893 15 -24.848282
3 0.022570 15 -23.951315
3 0.027178 15 -19.828484
3 0.023387 15 -18.880606
3 0.017862 15 -15.087373
3 0.008855 15 -12.129696
3 0.034756 15 -10.466767
3 0.038612 15 -4.565363
3 0.002756 15 -2.538494
3 0.033862 15 -1.380575
3 0.020308 15 -0.393909
3 0.037276 15 0.161288
Superpoint 
4 0.028185 20 -43.000099
4 0.013907 20 -39.646362
4 0.042606 20 -37.314342
4 0.042260 20 -36.933231
4 0.030090 20 -34.588486
4 0.003340 20 -34.179394
4 0.008168 20 -30.396261
4 0.027608 20 -28.937271
4 0.023346 20 -22.317879
4 0.004823 20 -20.757978
4 0.040655 20 -19.166868
4 0.009339 20 -18.957676
4 0.010508 20 -18.506060
4 0.011785 20 -13.799595
4 0.014578 20 -7.884192
4 0.004753 20 -7.361899
Superpoint 
5 0.037671 25 -50.000099
5 0.025526 25 -39.836666
5 0.044329 25 -38.222729
5 0.014433 25 -37.274742
5 0.040817 25 -35.452518
5 0.020798 25 -33.216160
5 0.038112 25 -30.524240
5 0.012815 25 -29.007071
5 0.028071 25 -28.559696
5 0.034416 25 -25.987869
5 0.041809 25 -21.779190
5 0.017330 25 -20.822828
5 0.003504 25 -19.229292
5 0.044525 25 -18.184242
5 0.003780 25 -17.029898
5 0.027527 25 -12.563535
Patch 
Superpoint 
1 0.025220 5 -20.450706
1 0.033651 5 -19.240000
1 0.032070 5 -18.020605
1 0.015105 5 -16.495152
1 0.009472 5 -15.953131
1 0.045208 5 -15.874646
1 0.032830 5 -15.814646
1 0.000795 5 -14.783333
1 0.043444 5 -14.332121
1 0.035949 5 -14.171717
1 0.004077 5 -14.125555
1 0.044683 5 -13.665252
1 0.047509 5 -12.510505
1 0.032795 5 -10.465555
1 0.028848 5 -9.574566
1 0.029031 5 -8.516464
Superpoint 
2 0.026241 10 -26.095352
2 0.038594 10 -23.949190
2 0.034973 10 -23.267979
2 0.016819 10 -18.775251
2 0.019528 10 -16.542423
2 0.006458 10 -15.985353
2 0.028858 10 -15.161818
2 0.027343 10 -14.615353
2 0.002270 10 -12.235656
2 0.044144 10 -8.026838
2 0.022793 10 -6.320050
2 0.000644 10 -4.529292
2 0.008989 10 -2.988545
2 0.005281 10 -2.267293
2 0.018703 10 -2.091878
2 0.003666 10 -1.801757
Superpoint 
3 0.002723 15 -26.894241
3 0.029893 15 -24.848282
3 0.022570 15 -23.951315
3 0.027178 15 -19.828484
3 0.023387 15 -18.880606
3 0.017862 15 -15.087373
3 0.008855 15 -12.129696
3 0.034756 15 -10.466767
3 0.038612 15 -4.565363
3 0.002756 15 -2.538494
3 0.033862 15 -1.380575
3 0.020308 15 -0.393909
3 0.037276 15 0.161288
3 0.034685 15 1.314616
3 0.010383 15 3.765757
3 0.039412 15 5.547777
Superpoint 
4 0.014958 20 -7.334868
4 0.045647 20 -3.312444
4 0.039435 20 -2.068464
4 0.037723 20 -0.603195
4 0.044155 20 -0.558342
4 0.021027 20 0.645253
4 0.020266 20 1.171767
4 0.025849 20 1.455111
4 0.043340 20 1.945131
4 0.021868 20 4.222121
4 0.016455 20 4.879273
4 0.030750 20 5.436727
4 0.041886 20 7.569151
4 0.017130 20 9.225960
4 0.040556 20 9.888222
4 0.012431 20 12.969595
Superpoint 
5 0.038112 25 -30.524240
5 0.012815 25 -29.007071
5 0.028071 25 -28.559696
5 0.034416 25 -25.987869
5 0.041809 25 -21.779190
5 0.017330 25 -20.822828
5 0.003504 25 -19.229292
5 0.044525 25 -18.184242
5 0.003780 25 -17.029898
5 0.027527 25 -12.563535
5 0.027055 25 -4.529777
5 0.033361 25 -2.076414
5 0.042701 25 4.852677
5 0.010692 25 8.956273
5 0.002658 25 16.759695
5 0.016916 25 21.013535
Patch 
Superpoint 
1 0.025220 5 -20.450706
1 0.033651 5 -19.240000
1 0.032070 5 -18.020605
1 0.015105 5 -16.495152
1 0.009472 5 -15.953131
1 0.045208 5 -15.874646
1 0.032830 5 -15.814646
1 0.000795 5 -14.783333
1 0.043444 5 -14.332121
1 0.035949 5 -14.171717
1 0.004077 5 -14.125555
1 0.044683 5 -13.665252
1 0.047509 5 -12.510505
1 0.032795 5 -10.465555
1 0.028848 5 -9.574566
1 0.029031 5 -8.516464
Superpoint 
2 0.026241 10 -26.095352
2 0.038594 10 -23.949190
2 0.034973 10 -23.267979
2 0.016819 10 -18.775251
2 0.019528 10 -16.542423
2 0.006458 10 -15.985353
2 0.028858 10 -15.161818
2 0.027343 10 -14.615353
2 0.002270 10 -12.235656
2 0.044144 10 -8.026838
2 0.022793 10 -6.320050
2 0.000644 10 -4.529292
2 0.008989 10 -2.988545
2 0.005281 10 -2.267293
2 0.018703 10 -2.091878
2 0.003666 10 -1.801757
Superpoint 
3 0.018460 15 -30.551111
3 0.002723 15 -26.894241
3 0.029893 15 -24.848282
3 0.022570 15 -23.951315
3 0.027178 15 -19.828484
3 0.023387 15 -18.880606
3 0.017862 15 -15.087373
3 0.008855 15 -12.129696
3 0.034756 15 -10.466767
3 0.038612 15 -4.565363
3 0.002756 15 -2.538494
3 0.033862 15 -1.380575
3 0.020308 15 -0.393909
3 0.037276 15 0.161288
3 0.034685 15 1.314616
3 0.010383 15 3.765757
Superpoint 
4 0.003340 20 -34.179394
4 0.008168 20 -30.396261
4 0.027608 20 -28.937271
4 0.023346 20 -22.317879
4 0.004823 20 -20.757978
4 0.040655 20 -19.166868
4 0.009339 20 -18.957676
4 0.010508 20 -18.506060
4 0.011785 20 -13.799595
4 0.014578 20 -7.884192
4 0.004753 20 -7.361899
4 0.014958 20 -7.334868
4 0.045647 20 -3.312444
4 0.039435 20 -2.068464
4 0.037723 20 -0.603195
4 0.044155 20 -0.558342
Superpoint 
5 0.014433 25 -37.274742
5 0.040817 25 -35.452518
5 0.020798 25 -33.216160
5 0.038112 25 -30.524240
5 0.012815 25 -29.007071
5 0.028071 25 -28.559696
5 0.034416 25 -25.987869
5 0.041809 25 -21.779190
5 0.017330 25 -20.822828
5 0.003504 25 -19.229292
5 0.044525 25 -18.184242
5 0.003780 25 -17.029898
5 0.027527 25 -12.563535
5 0.027055 25 -4.529777
5 0.033361 25 -2.076414
5 0.042701 25 4.852677
Patch 
Superpoint 
1 0.025220 5 -20.450706
1 0.033651 5 -19.240000
1 0.032070 5 -18.020605
1 0.015105 5 -16.495152
1 0.009472 5 -15.953131
1 0.045208 5 -15.874646
1 0.032830 5 -15.814646
1 0.000795 5 -14.783333
1 0.043444 5 -14.332121
1 0.035949 5 -14.171717
1 0.004077 5 -14.125555
1 0.044683 5 -13.665252
1 0.047509 5 -12.510505
1 0.032795 5 -10.465555
1 0.028848 5 -9.574566
1 0.029031 5 -8.516464
Superpoint 
2 0.000430 10 -29.000099
2 0.018821 10 -28.364445
2 0.035910 10 -26.794746
2 0.027581 10 -26.399494
2 0.026241 10 -26.095352
2 0.038594 10 -23.949190
2 0.034973 10 -23.267979
2 0.016819 10 -18.775251
2 0.019528 10 -16.542423
2 0.006458 10 -15.985353
2 0.028858 10 -15.161818
2 0.027343 10 -14.615353
2 0.002270 10 -12.235656
2 0.044144 10 -8.026838
2 0.022793 10 -6.320050
2 0.000644 10 -4.529292
Superpoint 
3 0.021355 15 -36.000099
3 0.041308 15 -31.157576
3 0.018460 15 -30.551111
3 0.002723 15 -26.894241
3 0.029893 15 -24.848282
3 0.022570 15 -23.951315
3 0.027178 15 -19.828484
3 0.023387 15 -18.880606
3 0.017862 15 -15.087373
3 0.008855 15 -12.129696
3 0.034756 15 -10.466767
3 0.038612 15 -4.565363
3 0.002756 15 -2.538494
3 0.033862 15 -1.380575
3 0.020308 15 -0.393909
3 0.037276 15 0.161288
Superpoint 
4 0.028185 20 -43.000099
4 0.013907 20 -39.646362
4 0.042606 20 -37.314342
4 0.042260 20 -36.933231
4 0.030090 20 -34.588486
4 0.003340 20 -34.179394
4 0.008168 20 -30.396261
4 0.027608 20 -28.937271
4 0.023346 20 -22.317879
4 0.004823 20 -20.757978
4 0.040655 20 -19.166868
4 0.009339 20 -18.957676
4 0.010508 20 -18.506060
4 0.011785 20 -13.799595
4 0.014578 20 -7.884192
4 0.004753 20 -7.361899
Superpoint 
5 0.037671 25 -50.000099
5 0.025526 25 -39.836666
5 0.044329 25 -38.222729
5 0.014433 25 -37.274742
5 0.040817 25 -35.452518
5 0.020798 25 -33.216160
5 0.038112 25 -30.524240
5 0.012815 25 -29.007071
5 0.028071 25 -28.559696
5 0.034416 25 -25.987869
5 0.041809 25 -21.779190
5 0.017330 25 -20.822828
5 0.003504 25 -19.229292
5 0.044525 25 -18.184242
5 0.003780 25 -17.029898
5 0.027527 25 -12.563535
Patch 
Superpoint 
1 0.002998 5 -22.000099
1 0.033264 5 -21.486967
1 0.047399 5 -20.567879
1 0.025220 5 -20.450706
1 0.033651 5 -19.240000
1 0.032070 5 -18.020605
1 0.015105 5 -16.495152
1 0.009472 5 -15.953131
1 0.045208 5 -15.874646
1 0.032830 5 -15.814646
1 0.000795 5 -14.783333
1 0.043444 5 -14.332121
1 0.035949 5 -14.171717
1 0.004077 5 -14.125555
1 0.044683 5 -13.665252
1 0.047509 5 -12.510505
Superpoint 
2 0.000430 10 -29.000099
2 0.018821 10 -28.364445
2 0.035910 10 -26.794746
2 0.027581 10 -26.399494
2 0.026241 10 -26.095352
2 0.038594 10 -23.949190
2 0.034973 10 -23.267979
2 0.016819 10 -18.775251
2 0.019528 10 -16.542423
2 0.006458 10 -15.985353
2 0.028858 10 -15.161818
2 0.027343 10 -14.615353
2 0.002270 10 -12.235656
2 0.044144 10 -8.026838
2 0.022793 10 -6.320050
2 0.000644 10 -4.529292
Superpoint 
3 0.021355 15 -36.000099
3 0.041308 15 -31.157576
3 0.018460 15 -30.551111
3 0.002723 15 -26.894241
3 0.029893 15 -24.848282
3 0.022570 15 -23.951315
3 0.027178 15 -19.828484
3 0.023387 15 -18.880606
3 0.017862 15 -15.087373
3 0.008855 15 -12.129696
3 0.034756 15 -10.466767
3 0.038612 15 -4.565363
3 0.002756 15 -2.538494
3 0.033862 15 -1.380575
3 0.020308 15 -0.393909
3 0.037276 15 0.161288
Superpoint 
4 0.028185 20 -43.000099
4 0.013907 20 -39.646362
4 0.042606 20 -37.314342
4 0.042260 20 -36.933231
4 0.030090 20 -34.588486
4 0.003340 20 -34.179394
4 0.008168 20 -30.396261
4 0.027608 20 -28.937271
4 0.023346 20 -22.317879
4 0.004823 20 -20.757978
4 0.040655 20 -19.166868
4 0.009339 20 -18.957676
4 0.010508 20 -18.506060
4 0.011785 20 -13.799595
4 0.014578 20 -7.884192
4 0.004753 20 -7.361899
Superpoint 
5 0.037671 25 -50.000099
5 0.025526 25 -39.836666
5 0.044329 25 -38.222729
5 0.014433 25 -37.274742
5 0.040817 25 -35.452518
5 0.020798 25 -33.216160
5 0.038112 25 -30.524240
5 0.012815 25 -29.007071
5 0.028071 25 -28.559696
5 0.034416 25 -25.987869
5 0.041809 25 -21.779190
5 0.017330 25 -20.822828
5 0.003504 25 -19.229292
5 0.044525 25 -18.184242
5 0.003780 25 -17.029898
5 0.027527 25 -12.563535
